<?xml version="1.0" encoding="UTF-8" standalone="no"?>
<svg
   xmlns:dc="http://purl.org/dc/elements/1.1/"
   xmlns:cc="http://creativecommons.org/ns#"
   xmlns:rdf="http://www.w3.org/1999/02/22-rdf-syntax-ns#"
   xmlns:svg="http://www.w3.org/2000/svg"
   xmlns="http://www.w3.org/2000/svg"
   version="1.1"
   id="svg4844"
   viewBox="0 0 48.708663 45.475924"
   height="48px"
   width="48px">
  <defs
     id="defs4846" />
  <g
     transform="translate(-21.98919,-22.673634)"
     id="layer1">
    <g
       id="flowRoot5392"
       style="fill:#ffffff;fill-opacity:1;"
       transform="matrix(0.46558682,0,0,0.46558682,25.358607,-11.419639)">
      <path
         id="path5429"
         d="m 25.574219,111.39893 q 3.251953,-5.18555 8.701172,-8.26172 5.449218,-2.98828 11.513671,-2.98828 6.240235,0 11.601563,2.98828 5.449219,3.07617 8.701172,8.26172 3.251953,5.18555 3.251953,11.33789 0,9.31641 -7.03125,16.08398 -6.943359,6.67969 -16.523438,6.67969 -9.492187,0 -16.435546,-6.67969 -7.03125,-6.76757 -7.03125,-16.08398 0,-6.15234 3.251953,-11.33789 z m 43.857422,56.86523 27.861328,0.26368 0.08789,-45.79102 q 0,-10.2832 -4.130859,-19.16016 -4.042969,-8.613278 -11.425781,-15.292965 -7.03125,-6.503907 -16.523438,-10.019532 -9.492187,-3.515625 -19.511719,-3.515625 -10.107421,0 -19.511718,3.603516 -9.404297,3.427734 -16.5234377,9.931641 -7.2070313,6.503906 -11.3378907,15.292965 -4.1308593,8.87696 -4.1308593,19.16016 0,13.62305 7.1191406,24.69727 7.03125,10.89843 18.9843751,17.22656 11.953125,6.24023 25.40039,6.24023 10.195313,0 19.511719,-3.60351 1.31836,-0.43946 4.13086,-1.66993 l 0,2.63672 z" />
    </g>
    <g
       id="flowRoot5392-0"
       style="fill:#333333;fill-opacity:1;"
       transform="matrix(0.31923288,0,0,0.31923288,31.770991,6.3624713)">
      <path
         id="path5432"
         d="m 25.574219,111.39893 q 3.251953,-5.18555 8.701172,-8.26172 5.449218,-2.98828 11.513671,-2.98828 6.240235,0 11.601563,2.98828 5.449219,3.07617 8.701172,8.26172 3.251953,5.18555 3.251953,11.33789 0,9.31641 -7.03125,16.08398 -6.943359,6.67969 -16.523438,6.67969 -9.492187,0 -16.435546,-6.67969 -7.03125,-6.76757 -7.03125,-16.08398 0,-6.15234 3.251953,-11.33789 z m 43.857422,56.86523 27.861328,0.26368 0.08789,-45.79102 q 0,-10.2832 -4.130859,-19.16016 -4.042969,-8.613278 -11.425781,-15.292965 -7.03125,-6.503907 -16.523438,-10.019532 -9.492187,-3.515625 -19.511719,-3.515625 -10.107421,0 -19.511718,3.603516 -9.404297,3.427734 -16.5234377,9.931641 -7.2070313,6.503906 -11.3378907,15.292965 -4.1308593,8.87696 -4.1308593,19.16016 0,13.62305 7.1191406,24.69727 7.03125,10.89843 18.9843751,17.22656 11.953125,6.24023 25.40039,6.24023 10.195313,0 19.511719,-3.60351 1.31836,-0.43946 4.13086,-1.66993 l 0,2.63672 z" />
    </g>
    <path
       id="path5424"
       d="m 44.238442,52.551133 c -4.664857,-1.851089 -5.993794,-7.148401 -2.616713,-10.430547 2.854585,-2.774339 7.205642,-2.59186 9.775087,0.40996 2.610252,3.049491 1.775441,7.338789 -1.840785,9.458037 -1.386715,0.81267 -3.992558,1.088343 -5.317589,0.56255 z"
       style="opacity:1;fill:#ffffff;fill-opacity:1;" />
  </g>
</svg>
